INSERT INTO `cells`
  (`floor`, `row`, `col`, `type`)
VALUES
  (0, 33, 9, 1),
  (0, 33, 10, 1),
  (0, 33, 11, 1),
  (0, 33, 12, 1),
  (0, 33, 13, 1),
  (0, 33, 14, 1),
  (0, 33, 15, 1),
  (0, 33, 16, 1),
  (0, 33, 17, 1),
  (0, 33, 18, 1),
  (0, 33, 19, 1),
  (0, 33, 20, 1),
  (0, 33, 21, 1),
  (0, 33, 22, 1),
  (0, 33, 23, 1),
  (0, 33, 24, 1),
  (0, 33, 25, 1),
  (0, 33, 26, 1),
  (0, 33, 27, 1),
  (0, 33, 28, 1),
  (0, 33, 29, 1),
  (0, 33, 30, 1),
  (0, 33, 31, 1),
  (0, 33, 32, 1),
  (0, 33, 33, 1),
  (0, 33, 34, 1),
  (0, 33, 35, 1),
  (0, 33, 36, 1),
  (0, 33, 37, 1),
  (0, 33, 38, 1),
  (0, 33, 39, 1),
  (0, 33, 40, 1),
  (0, 33, 41, 1),
  (0, 33, 42, 1),
  (0, 33, 43, 1),
  (0, 33, 44, 1),
  (0, 33, 45, 1),
  (0, 33, 46, 1),
  (0, 33, 47, 1),
  (0, 33, 48, 1),
  (0, 33, 49, 1),
  (0, 33, 50, 1),
  (0, 33, 51, 1),
  (0, 33, 52, 1),
  (0, 33, 53, 1),
  (0, 33, 54, 1),
  (0, 33, 55, 1),
  (0, 33, 56, 1),
  (0, 33, 57, 1),
  (0, 33, 58, 1),
  (0, 33, 59, 1),
  (0, 33, 60, 1),
  (0, 33, 61, 1),
  (0, 33, 62, 1),
  (0, 33, 63, 1),
  (0, 33, 64, 1),
  (0, 33, 65, 1),
  (0, 33, 66, 1),
  (0, 33, 67, 1),
  (0, 33, 68, 1),
  (0, 33, 69, 1),
  (0, 33, 70, 1),
  (0, 33, 71, 1),
  (0, 33, 72, 1),
  (0, 33, 73, 1),
  (0, 33, 74, 1),
  (0, 33, 75, 1),
  (0, 33, 76, 1),
  (0, 33, 77, 1),
  (0, 33, 78, 1),
  (0, 33, 79, 1),
  (0, 33, 80, 1),
  (0, 33, 81, 1),
  (0, 33, 82, 1),
  (0, 33, 83, 1),
  (0, 33, 84, 1),
  (0, 33, 85, 1),
  (0, 34, 9, 1),
  (0, 34, 35, 1),
  (0, 34, 52, 1),
  (0, 34, 81, 1),
  (0, 34, 84, 1),
  (0, 34, 85, 1),
  (0, 35, 9, 1),
  (0, 35, 35, 1),
  (0, 35, 46, 1),
  (0, 35, 47, 1),
  (0, 35, 48, 1),
  (0, 35, 49, 1),
  (0, 35, 50, 1),
  (0, 35, 51, 1),
  (0, 35, 52, 1),
  (0, 35, 81, 1),
  (0, 35, 82, 3),
  (0, 35, 83, 3),
  (0, 35, 85, 2),
  (0, 35, 86, 2),
  (0, 35, 87, 2),
  (0, 35, 88, 2),
  (0, 35, 89, 2),
  (0, 35, 90, 1),
  (0, 36, 9, 1),
  (0, 36, 35, 1),
  (0, 36, 46, 1),
  (0, 36, 52, 1),
  (0, 36, 81, 1),
  (0, 36, 82, 3),
  (0, 36, 83, 3),
  (0, 36, 90, 1),
  (0, 37, 9, 1),
  (0, 37, 35, 1),
  (0, 37, 46, 1),
  (0, 37, 52, 1),
  (0, 37, 81, 1),
  (0, 37, 82, 3),
  (0, 37, 83, 3),
  (0, 37, 90, 1),
  (0, 38, 9, 1),
  (0, 38, 10, 1),
  (0, 38, 11, 1),
  (0, 38, 12, 1),
  (0, 38, 13, 1),
  (0, 38, 14, 1),
  (0, 38, 15, 1),
  (0, 38, 16, 2),
  (0, 38, 17, 2),
  (0, 38, 18, 2),
  (0, 38, 19, 2),
  (0, 38, 20, 1),
  (0, 38, 21, 1),
  (0, 38, 22, 1),
  (0, 38, 23, 1),
  (0, 38, 24, 1),
  (0, 38, 25, 1),
  (0, 38, 26, 1),
  (0, 38, 27, 1),
  (0, 38, 28, 1),
  (0, 38, 29, 1),
  (0, 38, 30, 1),
  (0, 38, 31, 1),
  (0, 38, 32, 1),
  (0, 38, 33, 1),
  (0, 38, 34, 1),
  (0, 38, 35, 1),
  (0, 38, 46, 1),
  (0, 38, 47, 1),
  (0, 38, 48, 1),
  (0, 38, 49, 1),
  (0, 38, 50, 2),
  (0, 38, 51, 1),
  (0, 38, 52, 1),
  (0, 38, 53, 1),
  (0, 38, 54, 1),
  (0, 38, 55, 1),
  (0, 38, 56, 1),
  (0, 38, 57, 2),
  (0, 38, 58, 2),
  (0, 38, 59, 1),
  (0, 38, 60, 2),
  (0, 38, 61, 2),
  (0, 38, 62, 1),
  (0, 38, 63, 1),
  (0, 38, 64, 1),
  (0, 38, 65, 2),
  (0, 38, 66, 2),
  (0, 38, 67, 1),
  (0, 38, 68, 1),
  (0, 38, 69, 1),
  (0, 38, 70, 1),
  (0, 38, 71, 1),
  (0, 38, 72, 1),
  (0, 38, 73, 1),
  (0, 38, 74, 1),
  (0, 38, 75, 1),
  (0, 38, 76, 1),
  (0, 38, 77, 1),
  (0, 38, 78, 1),
  (0, 38, 79, 2),
  (0, 38, 80, 2),
  (0, 38, 81, 1),
  (0, 38, 86, 1),
  (0, 38, 87, 1),
  (0, 38, 88, 1),
  (0, 38, 89, 1),
  (0, 38, 90, 1),
  (0, 38, 91, 1),
  (0, 38, 92, 1),
  (0, 39, 9, 1),
  (0, 39, 15, 1),
  (0, 39, 35, 1),
  (0, 39, 46, 2),
  (0, 39, 86, 1),
  (0, 39, 87, 1),
  (0, 39, 92, 1),
  (0, 40, 9, 1),
  (0, 40, 15, 1),
  (0, 40, 35, 1),
  (0, 40, 45, 1),
  (0, 40, 46, 1),
  (0, 40, 47, 1),
  (0, 40, 48, 1),
  (0, 40, 49, 1),
  (0, 40, 50, 1),
  (0, 40, 51, 2),
  (0, 40, 52, 1),
  (0, 40, 86, 1),
  (0, 40, 87, 2),
  (0, 40, 92, 1),
  (0, 41, 9, 1),
  (0, 41, 15, 2),
  (0, 41, 35, 1),
  (0, 41, 45, 1),
  (0, 41, 46, 1),
  (0, 41, 52, 1),
  (0, 41, 53, 1),
  (0, 41, 54, 1),
  (0, 41, 55, 1),
  (0, 41, 56, 1),
  (0, 41, 57, 1),
  (0, 41, 58, 1),
  (0, 41, 59, 1),
  (0, 41, 60, 1),
  (0, 41, 61, 1),
  (0, 41, 62, 1),
  (0, 41, 63, 1),
  (0, 41, 64, 1),
  (0, 41, 67, 1),
  (0, 41, 68, 1),
  (0, 41, 69, 1),
  (0, 41, 70, 1),
  (0, 41, 71, 1),
  (0, 41, 72, 1),
  (0, 41, 73, 1),
  (0, 41, 74, 1),
  (0, 41, 75, 1),
  (0, 41, 76, 1),
  (0, 41, 77, 1),
  (0, 41, 78, 1),
  (0, 41, 79, 1),
  (0, 41, 80, 1),
  (0, 41, 81, 1),
  (0, 41, 84, 1),
  (0, 41, 85, 1),
  (0, 41, 86, 1),
  (0, 41, 87, 2),
  (0, 41, 88, 1),
  (0, 41, 89, 1),
  (0, 41, 90, 1),
  (0, 41, 91, 1),
  (0, 41, 92, 1),
  (0, 42, 9, 1),
  (0, 42, 15, 2),
  (0, 42, 35, 2),
  (0, 42, 45, 1),
  (0, 42, 46, 1),
  (0, 42, 52, 1),
  (0, 42, 61, 1),
  (0, 42, 62, 1),
  (0, 42, 63, 1),
  (0, 42, 64, 1),
  (0, 42, 67, 1),
  (0, 42, 81, 1),
  (0, 42, 84, 2),
  (0, 42, 88, 2),
  (0, 42, 92, 1),
  (0, 43, 9, 1),
  (0, 43, 15, 2),
  (0, 43, 35, 2),
  (0, 43, 45, 1),
  (0, 43, 46, 1),
  (0, 43, 47, 1),
  (0, 43, 48, 1),
  (0, 43, 49, 1),
  (0, 43, 50, 1),
  (0, 43, 51, 1),
  (0, 43, 52, 1),
  (0, 43, 61, 1),
  (0, 43, 62, 3),
  (0, 43, 63, 3),
  (0, 43, 64, 3),
  (0, 43, 67, 1),
  (0, 43, 81, 1),
  (0, 43, 84, 1),
  (0, 43, 85, 1),
  (0, 43, 86, 1),
  (0, 43, 87, 1),
  (0, 43, 88, 1),
  (0, 43, 89, 1),
  (0, 43, 90, 1),
  (0, 43, 91, 1),
  (0, 43, 92, 1),
  (0, 44, 9, 1),
  (0, 44, 15, 2),
  (0, 44, 35, 2),
  (0, 44, 45, 1),
  (0, 44, 61, 1),
  (0, 44, 62, 3),
  (0, 44, 63, 3),
  (0, 44, 64, 3),
  (0, 44, 67, 1),
  (0, 44, 81, 2),
  (0, 44, 84, 1),
  (0, 44, 92, 1),
  (0, 45, 9, 1),
  (0, 45, 15, 1),
  (0, 45, 35, 2),
  (0, 45, 45, 1),
  (0, 45, 52, 1),
  (0, 45, 53, 1),
  (0, 45, 54, 1),
  (0, 45, 55, 1),
  (0, 45, 56, 1),
  (0, 45, 57, 1),
  (0, 45, 58, 1),
  (0, 45, 59, 1),
  (0, 45, 60, 1),
  (0, 45, 61, 1),
  (0, 45, 62, 1),
  (0, 45, 63, 1),
  (0, 45, 64, 1),
  (0, 45, 67, 1),
  (0, 45, 68, 1),
  (0, 45, 69, 1),
  (0, 45, 70, 1),
  (0, 45, 71, 1),
  (0, 45, 72, 1),
  (0, 45, 73, 1),
  (0, 45, 74, 1),
  (0, 45, 75, 1),
  (0, 45, 76, 1),
  (0, 45, 77, 1),
  (0, 45, 78, 1),
  (0, 45, 79, 1),
  (0, 45, 80, 1),
  (0, 45, 81, 1),
  (0, 45, 84, 2),
  (0, 45, 92, 1),
  (0, 46, 9, 1),
  (0, 46, 15, 1),
  (0, 46, 35, 1),
  (0, 46, 45, 1),
  (0, 46, 52, 1),
  (0, 46, 84, 1),
  (0, 46, 92, 1),
  (0, 47, 9, 1),
  (0, 47, 10, 1),
  (0, 47, 11, 1),
  (0, 47, 12, 1),
  (0, 47, 13, 1),
  (0, 47, 14, 1),
  (0, 47, 15, 1),
  (0, 47, 16, 2),
  (0, 47, 17, 2),
  (0, 47, 18, 2),
  (0, 47, 19, 1),
  (0, 47, 20, 2),
  (0, 47, 21, 2),
  (0, 47, 22, 2),
  (0, 47, 23, 2),
  (0, 47, 24, 1),
  (0, 47, 25, 1),
  (0, 47, 26, 1),
  (0, 47, 27, 1),
  (0, 47, 28, 1),
  (0, 47, 29, 1),
  (0, 47, 35, 1),
  (0, 47, 45, 1),
  (0, 47, 52, 1),
  (0, 47, 84, 1),
  (0, 47, 85, 2),
  (0, 47, 86, 1),
  (0, 47, 87, 1),
  (0, 47, 88, 1),
  (0, 47, 89, 1),
  (0, 47, 90, 1),
  (0, 47, 91, 1),
  (0, 47, 92, 1),
  (0, 48, 9, 1),
  (0, 48, 19, 2),
  (0, 48, 29, 1),
  (0, 48, 35, 1),
  (0, 48, 45, 1),
  (0, 48, 52, 1),
  (0, 48, 53, 2),
  (0, 48, 54, 2),
  (0, 48, 55, 1),
  (0, 48, 56, 1),
  (0, 48, 57, 1),
  (0, 48, 58, 1),
  (0, 48, 59, 2),
  (0, 48, 60, 2),
  (0, 48, 61, 1),
  (0, 48, 62, 1),
  (0, 48, 63, 1),
  (0, 48, 64, 1),
  (0, 48, 65, 2),
  (0, 48, 66, 2),
  (0, 48, 67, 1),
  (0, 48, 68, 2),
  (0, 48, 69, 2),
  (0, 48, 70, 1),
  (0, 48, 71, 1),
  (0, 48, 72, 1),
  (0, 48, 73, 1),
  (0, 48, 74, 1),
  (0, 48, 75, 1),
  (0, 48, 76, 1),
  (0, 48, 77, 1),
  (0, 48, 78, 1),
  (0, 48, 79, 2),
  (0, 48, 80, 2),
  (0, 48, 81, 1),
  (0, 48, 84, 1),
  (0, 48, 92, 1),
  (0, 49, 9, 1),
  (0, 49, 19, 2),
  (0, 49, 29, 1),
  (0, 49, 35, 1),
  (0, 49, 45, 1),
  (0, 49, 52, 1),
  (0, 49, 58, 1),
  (0, 49, 62, 1),
  (0, 49, 67, 1),
  (0, 49, 72, 1),
  (0, 49, 81, 1),
  (0, 49, 84, 1),
  (0, 49, 92, 1),
  (0, 50, 9, 1),
  (0, 50, 19, 1),
  (0, 50, 29, 1),
  (0, 50, 35, 1),
  (0, 50, 45, 1),
  (0, 50, 52, 1),
  (0, 50, 58, 1),
  (0, 50, 62, 1),
  (0, 50, 67, 1),
  (0, 50, 72, 1),
  (0, 50, 81, 1),
  (0, 50, 84, 1),
  (0, 50, 92, 1),
  (0, 51, 9, 1),
  (0, 51, 19, 1),
  (0, 51, 29, 1),
  (0, 51, 35, 1),
  (0, 51, 45, 1),
  (0, 51, 52, 1),
  (0, 51, 58, 1),
  (0, 51, 62, 1),
  (0, 51, 67, 1),
  (0, 51, 72, 1),
  (0, 51, 81, 1),
  (0, 51, 84, 1),
  (0, 51, 85, 1),
  (0, 51, 86, 1),
  (0, 51, 87, 1),
  (0, 51, 88, 1),
  (0, 51, 89, 1),
  (0, 51, 90, 1),
  (0, 51, 91, 1),
  (0, 51, 92, 1),
  (0, 52, 9, 1),
  (0, 52, 19, 1),
  (0, 52, 29, 1),
  (0, 52, 35, 1),
  (0, 52, 45, 1),
  (0, 52, 52, 1),
  (0, 52, 58, 1),
  (0, 52, 62, 1),
  (0, 52, 67, 1),
  (0, 52, 72, 1),
  (0, 52, 81, 1),
  (0, 52, 84, 2),
  (0, 52, 92, 1),
  (0, 53, 9, 1),
  (0, 53, 19, 1),
  (0, 53, 29, 1),
  (0, 53, 35, 1),
  (0, 53, 45, 1),
  (0, 53, 46, 1),
  (0, 53, 47, 1),
  (0, 53, 48, 1),
  (0, 53, 49, 1),
  (0, 53, 50, 1),
  (0, 53, 51, 1),
  (0, 53, 52, 1),
  (0, 53, 53, 1),
  (0, 53, 54, 1),
  (0, 53, 55, 1),
  (0, 53, 56, 1),
  (0, 53, 57, 1),
  (0, 53, 58, 1),
  (0, 53, 59, 1),
  (0, 53, 60, 1),
  (0, 53, 61, 1),
  (0, 53, 62, 1),
  (0, 53, 63, 1),
  (0, 53, 64, 1),
  (0, 53, 65, 1),
  (0, 53, 66, 1),
  (0, 53, 67, 1),
  (0, 53, 68, 1),
  (0, 53, 69, 1),
  (0, 53, 70, 1),
  (0, 53, 71, 1),
  (0, 53, 72, 1),
  (0, 53, 73, 1),
  (0, 53, 74, 1),
  (0, 53, 75, 1),
  (0, 53, 76, 1),
  (0, 53, 77, 1),
  (0, 53, 78, 1),
  (0, 53, 79, 1),
  (0, 53, 80, 1),
  (0, 53, 81, 1),
  (0, 53, 84, 2),
  (0, 53, 92, 1),
  (0, 54, 9, 1),
  (0, 54, 10, 1),
  (0, 54, 11, 1),
  (0, 54, 12, 1),
  (0, 54, 13, 1),
  (0, 54, 14, 1),
  (0, 54, 15, 1),
  (0, 54, 16, 1),
  (0, 54, 17, 1),
  (0, 54, 18, 1),
  (0, 54, 19, 1),
  (0, 54, 20, 1),
  (0, 54, 21, 1),
  (0, 54, 22, 1),
  (0, 54, 23, 1),
  (0, 54, 24, 1),
  (0, 54, 25, 1),
  (0, 54, 26, 1),
  (0, 54, 27, 1),
  (0, 54, 28, 1),
  (0, 54, 29, 1),
  (0, 54, 30, 1),
  (0, 54, 31, 1),
  (0, 54, 32, 1),
  (0, 54, 33, 1),
  (0, 54, 34, 1),
  (0, 54, 35, 1),
  (0, 54, 52, 2),
  (0, 54, 84, 1),
  (0, 54, 92, 1),
  (0, 55, 9, 1),
  (0, 55, 15, 1),
  (0, 55, 52, 2),
  (0, 55, 84, 1),
  (0, 55, 85, 1),
  (0, 55, 86, 1),
  (0, 55, 87, 1),
  (0, 55, 88, 1),
  (0, 55, 89, 1),
  (0, 55, 90, 1),
  (0, 55, 91, 1),
  (0, 55, 92, 1),
  (0, 56, 9, 1),
  (0, 56, 15, 1),
  (0, 56, 52, 2),
  (0, 56, 62, 1),
  (0, 56, 63, 1),
  (0, 56, 64, 1),
  (0, 56, 65, 1),
  (0, 56, 66, 1),
  (0, 56, 67, 1),
  (0, 56, 68, 1),
  (0, 56, 69, 1),
  (0, 56, 70, 1),
  (0, 56, 71, 1),
  (0, 56, 72, 1),
  (0, 56, 73, 1),
  (0, 56, 74, 1),
  (0, 56, 75, 1),
  (0, 56, 76, 1),
  (0, 56, 77, 1),
  (0, 56, 78, 1),
  (0, 56, 79, 1),
  (0, 56, 80, 1),
  (0, 56, 81, 1),
  (0, 56, 84, 1),
  (0, 56, 92, 1),
  (0, 57, 9, 1),
  (0, 57, 15, 1),
  (0, 57, 18, 1),
  (0, 57, 19, 1),
  (0, 57, 20, 1),
  (0, 57, 21, 1),
  (0, 57, 22, 1),
  (0, 57, 23, 1),
  (0, 57, 24, 1),
  (0, 57, 25, 1),
  (0, 57, 26, 1),
  (0, 57, 27, 2),
  (0, 57, 28, 1),
  (0, 57, 29, 1),
  (0, 57, 30, 1),
  (0, 57, 33, 1),
  (0, 57, 34, 1),
  (0, 57, 35, 1),
  (0, 57, 36, 1),
  (0, 57, 37, 1),
  (0, 57, 38, 1),
  (0, 57, 39, 1),
  (0, 57, 40, 1),
  (0, 57, 41, 1),
  (0, 57, 52, 2),
  (0, 57, 62, 1),
  (0, 57, 81, 1),
  (0, 57, 84, 1),
  (0, 57, 92, 1),
  (0, 58, 9, 1),
  (0, 58, 15, 1),
  (0, 58, 18, 1),
  (0, 58, 30, 1),
  (0, 58, 33, 1),
  (0, 58, 41, 1),
  (0, 58, 52, 1),
  (0, 58, 53, 1),
  (0, 58, 54, 1),
  (0, 58, 55, 1),
  (0, 58, 56, 1),
  (0, 58, 57, 1),
  (0, 58, 58, 1),
  (0, 58, 59, 1),
  (0, 58, 60, 1),
  (0, 58, 62, 1),
  (0, 58, 81, 1),
  (0, 58, 84, 2),
  (0, 58, 92, 1),
  (0, 59, 9, 1),
  (0, 59, 15, 1),
  (0, 59, 18, 1),
  (0, 59, 30, 1),
  (0, 59, 33, 1),
  (0, 59, 41, 1),
  (0, 59, 52, 1),
  (0, 59, 60, 1),
  (0, 59, 62, 1),
  (0, 59, 81, 1),
  (0, 59, 84, 1),
  (0, 59, 85, 1),
  (0, 59, 86, 1),
  (0, 59, 87, 1),
  (0, 59, 88, 1),
  (0, 59, 89, 1),
  (0, 59, 90, 1),
  (0, 59, 91, 1),
  (0, 59, 92, 1),
  (0, 60, 9, 1),
  (0, 60, 15, 1),
  (0, 60, 18, 1),
  (0, 60, 30, 1),
  (0, 60, 33, 1),
  (0, 60, 41, 1),
  (0, 60, 52, 1),
  (0, 60, 60, 1),
  (0, 60, 62, 1),
  (0, 60, 81, 1),
  (0, 60, 84, 1),
  (0, 60, 85, 1),
  (0, 60, 86, 1),
  (0, 60, 87, 1),
  (0, 60, 88, 1),
  (0, 60, 89, 1),
  (0, 60, 90, 1),
  (0, 60, 91, 1),
  (0, 60, 92, 1),
  (0, 61, 9, 1),
  (0, 61, 15, 1),
  (0, 61, 18, 1),
  (0, 61, 30, 1),
  (0, 61, 33, 1),
  (0, 61, 41, 1),
  (0, 61, 52, 1),
  (0, 61, 60, 1),
  (0, 61, 62, 1),
  (0, 61, 81, 1),
  (0, 61, 84, 1),
  (0, 62, 9, 1),
  (0, 62, 15, 1),
  (0, 62, 18, 1),
  (0, 62, 30, 1),
  (0, 62, 33, 1),
  (0, 62, 41, 1),
  (0, 62, 52, 1),
  (0, 62, 60, 1),
  (0, 62, 62, 1),
  (0, 62, 81, 1),
  (0, 62, 84, 1),
  (0, 62, 86, 1),
  (0, 62, 87, 1),
  (0, 62, 88, 1),
  (0, 62, 89, 1),
  (0, 62, 90, 1),
  (0, 62, 91, 1),
  (0, 62, 92, 1),
  (0, 62, 93, 1),
  (0, 62, 94, 1),
  (0, 62, 95, 1),
  (0, 62, 96, 1),
  (0, 62, 97, 1),
  (0, 62, 98, 1),
  (0, 62, 99, 1),
  (0, 62, 100, 1),
  (0, 62, 101, 1),
  (0, 62, 102, 1),
  (0, 62, 103, 1),
  (0, 62, 104, 1),
  (0, 62, 105, 1),
  (0, 62, 106, 1),
  (0, 62, 107, 1),
  (0, 62, 108, 1),
  (0, 62, 109, 1),
  (0, 62, 110, 1),
  (0, 62, 111, 1),
  (0, 62, 112, 1),
  (0, 62, 113, 1),
  (0, 62, 114, 1),
  (0, 62, 115, 1),
  (0, 63, 9, 1),
  (0, 63, 15, 1),
  (0, 63, 18, 1),
  (0, 63, 30, 1),
  (0, 63, 33, 1),
  (0, 63, 41, 2),
  (0, 63, 52, 1),
  (0, 63, 60, 1),
  (0, 63, 62, 1),
  (0, 63, 81, 2),
  (0, 63, 84, 1),
  (0, 63, 86, 1),
  (0, 63, 93, 1),
  (0, 63, 100, 1),
  (0, 63, 107, 1),
  (0, 63, 115, 1),
  (0, 63, 116, 1),
  (0, 63, 117, 1),
  (0, 63, 118, 1),
  (0, 63, 119, 1),
  (0, 63, 120, 1),
  (0, 63, 121, 1),
  (0, 63, 122, 1),
  (0, 63, 123, 1),
  (0, 63, 124, 1),
  (0, 63, 125, 1),
  (0, 63, 126, 1),
  (0, 63, 127, 1),
  (0, 63, 128, 1),
  (0, 64, 9, 1),
  (0, 64, 15, 1),
  (0, 64, 18, 1),
  (0, 64, 30, 1),
  (0, 64, 33, 1),
  (0, 64, 41, 1),
  (0, 64, 52, 1),
  (0, 64, 60, 1),
  (0, 64, 62, 1),
  (0, 64, 63, 1),
  (0, 64, 64, 1),
  (0, 64, 65, 1),
  (0, 64, 66, 1),
  (0, 64, 67, 1),
  (0, 64, 68, 1),
  (0, 64, 69, 1),
  (0, 64, 70, 1),
  (0, 64, 71, 1),
  (0, 64, 72, 1),
  (0, 64, 73, 1),
  (0, 64, 74, 1),
  (0, 64, 75, 1),
  (0, 64, 76, 1),
  (0, 64, 77, 1),
  (0, 64, 78, 1),
  (0, 64, 79, 1),
  (0, 64, 80, 1),
  (0, 64, 81, 1),
  (0, 64, 84, 1),
  (0, 64, 86, 1),
  (0, 64, 93, 1),
  (0, 64, 100, 1),
  (0, 64, 107, 1),
  (0, 64, 115, 1),
  (0, 64, 120, 1),
  (0, 64, 128, 1),
  (0, 65, 9, 1),
  (0, 65, 15, 1),
  (0, 65, 18, 1),
  (0, 65, 19, 1),
  (0, 65, 20, 1),
  (0, 65, 21, 1),
  (0, 65, 22, 1),
  (0, 65, 23, 1),
  (0, 65, 24, 1),
  (0, 65, 25, 1),
  (0, 65, 26, 1),
  (0, 65, 27, 1),
  (0, 65, 28, 1),
  (0, 65, 29, 1),
  (0, 65, 30, 1),
  (0, 65, 33, 1),
  (0, 65, 34, 1),
  (0, 65, 35, 1),
  (0, 65, 36, 1),
  (0, 65, 37, 1),
  (0, 65, 38, 1),
  (0, 65, 39, 1),
  (0, 65, 40, 1),
  (0, 65, 41, 1),
  (0, 65, 52, 1),
  (0, 65, 60, 1),
  (0, 65, 63, 3),
  (0, 65, 64, 3),
  (0, 65, 65, 3),
  (0, 65, 66, 1),
  (0, 65, 67, 1),
  (0, 65, 76, 1),
  (0, 65, 77, 1),
  (0, 65, 78, 3),
  (0, 65, 79, 3),
  (0, 65, 80, 3),
  (0, 65, 84, 1),
  (0, 65, 85, 1),
  (0, 65, 86, 1),
  (0, 65, 93, 1),
  (0, 65, 100, 1),
  (0, 65, 107, 1),
  (0, 65, 115, 1),
  (0, 65, 120, 1),
  (0, 65, 128, 1),
  (0, 66, 9, 1),
  (0, 66, 15, 1),
  (0, 66, 52, 1),
  (0, 66, 60, 2),
  (0, 66, 63, 3),
  (0, 66, 64, 3),
  (0, 66, 65, 3),
  (0, 66, 66, 1),
  (0, 66, 67, 1),
  (0, 66, 76, 1),
  (0, 66, 77, 1),
  (0, 66, 78, 3),
  (0, 66, 79, 3),
  (0, 66, 80, 3),
  (0, 66, 85, 1),
  (0, 66, 86, 1),
  (0, 66, 93, 1),
  (0, 66, 100, 1),
  (0, 66, 107, 1),
  (0, 66, 115, 1),
  (0, 66, 120, 1),
  (0, 66, 128, 1),
  (0, 67, 9, 1),
  (0, 67, 15, 1),
  (0, 67, 16, 1),
  (0, 67, 17, 1),
  (0, 67, 18, 2),
  (0, 67, 19, 2),
  (0, 67, 20, 1),
  (0, 67, 21, 1),
  (0, 67, 22, 1),
  (0, 67, 23, 1),
  (0, 67, 24, 1),
  (0, 67, 25, 2),
  (0, 67, 26, 2),
  (0, 67, 27, 1),
  (0, 67, 28, 1),
  (0, 67, 29, 1),
  (0, 67, 30, 1),
  (0, 67, 31, 1),
  (0, 67, 32, 2),
  (0, 67, 33, 2),
  (0, 67, 34, 1),
  (0, 67, 35, 1),
  (0, 67, 36, 1),
  (0, 67, 52, 1),
  (0, 67, 60, 2),
  (0, 67, 63, 3),
  (0, 67, 64, 3),
  (0, 67, 65, 3),
  (0, 67, 66, 1),
  (0, 67, 67, 1),
  (0, 67, 76, 1),
  (0, 67, 77, 1),
  (0, 67, 78, 3),
  (0, 67, 79, 3),
  (0, 67, 80, 3),
  (0, 67, 85, 1),
  (0, 67, 86, 1),
  (0, 67, 93, 1),
  (0, 67, 100, 1),
  (0, 67, 107, 1),
  (0, 67, 115, 1),
  (0, 67, 120, 1),
  (0, 67, 128, 1),
  (0, 68, 9, 1),
  (0, 68, 15, 1),
  (0, 68, 36, 1),
  (0, 68, 52, 1),
  (0, 68, 53, 1),
  (0, 68, 54, 1),
  (0, 68, 55, 1),
  (0, 68, 56, 1),
  (0, 68, 57, 1),
  (0, 68, 58, 1),
  (0, 68, 59, 1),
  (0, 68, 60, 1),
  (0, 68, 63, 1),
  (0, 68, 64, 1),
  (0, 68, 65, 1),
  (0, 68, 66, 1),
  (0, 68, 67, 1),
  (0, 68, 68, 1),
  (0, 68, 69, 1),
  (0, 68, 70, 1),
  (0, 68, 71, 1),
  (0, 68, 72, 1),
  (0, 68, 73, 1),
  (0, 68, 74, 1),
  (0, 68, 75, 1),
  (0, 68, 76, 1),
  (0, 68, 77, 1),
  (0, 68, 78, 1),
  (0, 68, 79, 1),
  (0, 68, 80, 1),
  (0, 68, 85, 1),
  (0, 68, 86, 1),
  (0, 68, 87, 2),
  (0, 68, 88, 2),
  (0, 68, 89, 1),
  (0, 68, 90, 1),
  (0, 68, 91, 1),
  (0, 68, 92, 1),
  (0, 68, 93, 1),
  (0, 68, 94, 2),
  (0, 68, 95, 2),
  (0, 68, 96, 1),
  (0, 68, 97, 1),
  (0, 68, 98, 1),
  (0, 68, 99, 1),
  (0, 68, 100, 1),
  (0, 68, 101, 1),
  (0, 68, 102, 1),
  (0, 68, 103, 1),
  (0, 68, 104, 1),
  (0, 68, 105, 2),
  (0, 68, 106, 2),
  (0, 68, 107, 1),
  (0, 68, 108, 1),
  (0, 68, 109, 2),
  (0, 68, 110, 2),
  (0, 68, 111, 1),
  (0, 68, 112, 1),
  (0, 68, 113, 1),
  (0, 68, 114, 1),
  (0, 68, 115, 1),
  (0, 68, 116, 1),
  (0, 68, 117, 1),
  (0, 68, 118, 2),
  (0, 68, 119, 2),
  (0, 68, 120, 1),
  (0, 68, 121, 2),
  (0, 68, 122, 2),
  (0, 68, 123, 1),
  (0, 68, 124, 1),
  (0, 68, 125, 1),
  (0, 68, 126, 1),
  (0, 68, 127, 1),
  (0, 68, 128, 1),
  (0, 69, 9, 1),
  (0, 69, 15, 1),
  (0, 69, 36, 1),
  (0, 69, 52, 1),
  (0, 69, 56, 1),
  (0, 69, 60, 2),
  (0, 69, 120, 2),
  (0, 69, 128, 1),
  (0, 70, 9, 1),
  (0, 70, 15, 1),
  (0, 70, 36, 1),
  (0, 70, 52, 1),
  (0, 70, 56, 1),
  (0, 70, 60, 1),
  (0, 70, 62, 1),
  (0, 70, 63, 1),
  (0, 70, 64, 1),
  (0, 70, 65, 1),
  (0, 70, 66, 1),
  (0, 70, 67, 1),
  (0, 70, 70, 1),
  (0, 70, 71, 1),
  (0, 70, 72, 1),
  (0, 70, 73, 1),
  (0, 70, 74, 1),
  (0, 70, 75, 1),
  (0, 70, 76, 1),
  (0, 70, 79, 1),
  (0, 70, 80, 1),
  (0, 70, 81, 1),
  (0, 70, 82, 1),
  (0, 70, 83, 1),
  (0, 70, 84, 1),
  (0, 70, 85, 1),
  (0, 70, 86, 1),
  (0, 70, 87, 1),
  (0, 70, 88, 1),
  (0, 70, 89, 1),
  (0, 70, 90, 1),
  (0, 70, 91, 1),
  (0, 70, 92, 1),
  (0, 70, 93, 1),
  (0, 70, 94, 1),
  (0, 70, 95, 1),
  (0, 70, 96, 1),
  (0, 70, 97, 1),
  (0, 70, 100, 1),
  (0, 70, 101, 1),
  (0, 70, 102, 1),
  (0, 70, 103, 1),
  (0, 70, 104, 1),
  (0, 70, 105, 1),
  (0, 70, 106, 1),
  (0, 70, 107, 1),
  (0, 70, 108, 1),
  (0, 70, 109, 1),
  (0, 70, 110, 1),
  (0, 70, 111, 1),
  (0, 70, 112, 1),
  (0, 70, 113, 1),
  (0, 70, 114, 1),
  (0, 70, 115, 1),
  (0, 70, 116, 1),
  (0, 70, 117, 1),
  (0, 70, 118, 1),
  (0, 70, 120, 1),
  (0, 70, 128, 1),
  (0, 71, 9, 1),
  (0, 71, 15, 1),
  (0, 71, 36, 1),
  (0, 71, 52, 1),
  (0, 71, 56, 1),
  (0, 71, 60, 1),
  (0, 71, 62, 1),
  (0, 71, 67, 2),
  (0, 71, 70, 1),
  (0, 71, 71, 1),
  (0, 71, 72, 1),
  (0, 71, 73, 1),
  (0, 71, 74, 1),
  (0, 71, 75, 1),
  (0, 71, 76, 1),
  (0, 71, 78, 2),
  (0, 71, 79, 2),
  (0, 71, 84, 1),
  (0, 71, 94, 1),
  (0, 71, 95, 1),
  (0, 71, 96, 1),
  (0, 71, 97, 1),
  (0, 71, 100, 1),
  (0, 71, 114, 1),
  (0, 71, 118, 1),
  (0, 71, 120, 1),
  (0, 71, 128, 1),
  (0, 72, 9, 1),
  (0, 72, 15, 1),
  (0, 72, 36, 1),
  (0, 72, 52, 1),
  (0, 72, 56, 1),
  (0, 72, 60, 1),
  (0, 72, 62, 1),
  (0, 72, 67, 1),
  (0, 72, 68, 2),
  (0, 72, 69, 2),
  (0, 72, 70, 1),
  (0, 72, 71, 1),
  (0, 72, 72, 1),
  (0, 72, 73, 1),
  (0, 72, 74, 1),
  (0, 72, 75, 1),
  (0, 72, 76, 1),
  (0, 72, 77, 2),
  (0, 72, 78, 1),
  (0, 72, 84, 1),
  (0, 72, 94, 1),
  (0, 72, 95, 3),
  (0, 72, 96, 3),
  (0, 72, 97, 3),
  (0, 72, 100, 2),
  (0, 72, 114, 1),
  (0, 72, 118, 1),
  (0, 72, 120, 1),
  (0, 72, 121, 1),
  (0, 72, 122, 1),
  (0, 72, 123, 1),
  (0, 72, 124, 1),
  (0, 72, 125, 1),
  (0, 72, 126, 1),
  (0, 72, 127, 1),
  (0, 72, 128, 1),
  (0, 73, 9, 1),
  (0, 73, 15, 1),
  (0, 73, 36, 1),
  (0, 73, 52, 1),
  (0, 73, 56, 2),
  (0, 73, 60, 1),
  (0, 73, 62, 1),
  (0, 73, 67, 1),
  (0, 73, 73, 1),
  (0, 73, 78, 1),
  (0, 73, 84, 1),
  (0, 73, 94, 1),
  (0, 73, 95, 3),
  (0, 73, 96, 3),
  (0, 73, 97, 3),
  (0, 73, 100, 2),
  (0, 73, 114, 1),
  (0, 73, 118, 1),
  (0, 73, 120, 1),
  (0, 73, 121, 1),
  (0, 73, 122, 1),
  (0, 73, 123, 1),
  (0, 73, 124, 1),
  (0, 73, 125, 1),
  (0, 73, 126, 1),
  (0, 73, 127, 1),
  (0, 73, 128, 1),
  (0, 74, 9, 1),
  (0, 74, 15, 1),
  (0, 74, 16, 1),
  (0, 74, 17, 1),
  (0, 74, 18, 1),
  (0, 74, 19, 1),
  (0, 74, 20, 1),
  (0, 74, 21, 1),
  (0, 74, 22, 1),
  (0, 74, 23, 1),
  (0, 74, 24, 1),
  (0, 74, 25, 1),
  (0, 74, 26, 1),
  (0, 74, 27, 1),
  (0, 74, 28, 1),
  (0, 74, 29, 1),
  (0, 74, 30, 1),
  (0, 74, 31, 1),
  (0, 74, 32, 1),
  (0, 74, 33, 1),
  (0, 74, 34, 1),
  (0, 74, 35, 1),
  (0, 74, 36, 1),
  (0, 74, 52, 1),
  (0, 74, 53, 1),
  (0, 74, 54, 1),
  (0, 74, 55, 1),
  (0, 74, 56, 1),
  (0, 74, 57, 1),
  (0, 74, 58, 1),
  (0, 74, 59, 1),
  (0, 74, 60, 1),
  (0, 74, 62, 1),
  (0, 74, 65, 1),
  (0, 74, 66, 2),
  (0, 74, 67, 1),
  (0, 74, 73, 1),
  (0, 74, 78, 1),
  (0, 74, 84, 1),
  (0, 74, 94, 1),
  (0, 74, 95, 1),
  (0, 74, 96, 1),
  (0, 74, 97, 1),
  (0, 74, 100, 1),
  (0, 74, 114, 1),
  (0, 74, 118, 1),
  (0, 74, 120, 1),
  (0, 74, 128, 1),
  (0, 75, 9, 1),
  (0, 75, 35, 1),
  (0, 75, 52, 1),
  (0, 75, 62, 1),
  (0, 75, 65, 1),
  (0, 75, 73, 1),
  (0, 75, 78, 1),
  (0, 75, 84, 1),
  (0, 75, 85, 1),
  (0, 75, 86, 1),
  (0, 75, 87, 1),
  (0, 75, 88, 1),
  (0, 75, 89, 1),
  (0, 75, 90, 1),
  (0, 75, 91, 1),
  (0, 75, 92, 1),
  (0, 75, 93, 1),
  (0, 75, 94, 1),
  (0, 75, 95, 1),
  (0, 75, 96, 1),
  (0, 75, 97, 1),
  (0, 75, 100, 1),
  (0, 75, 114, 1),
  (0, 75, 115, 1),
  (0, 75, 116, 1),
  (0, 75, 117, 1),
  (0, 75, 118, 1),
  (0, 75, 120, 1),
  (0, 75, 128, 1),
  (0, 76, 9, 1),
  (0, 76, 35, 1),
  (0, 76, 52, 1),
  (0, 76, 62, 1),
  (0, 76, 65, 1),
  (0, 76, 73, 1),
  (0, 76, 78, 1),
  (0, 76, 84, 1),
  (0, 76, 85, 1),
  (0, 76, 100, 1),
  (0, 76, 101, 1),
  (0, 76, 102, 1),
  (0, 76, 103, 1),
  (0, 76, 104, 1),
  (0, 76, 105, 1),
  (0, 76, 106, 1),
  (0, 76, 107, 1),
  (0, 76, 108, 1),
  (0, 76, 109, 1),
  (0, 76, 110, 1),
  (0, 76, 111, 1),
  (0, 76, 112, 1),
  (0, 76, 113, 1),
  (0, 76, 114, 1),
  (0, 76, 120, 2),
  (0, 76, 128, 1),
  (0, 77, 9, 1),
  (0, 77, 35, 1),
  (0, 77, 52, 1),
  (0, 77, 62, 1),
  (0, 77, 63, 1),
  (0, 77, 64, 1),
  (0, 77, 65, 1),
  (0, 77, 66, 1),
  (0, 77, 67, 1),
  (0, 77, 73, 1),
  (0, 77, 78, 1),
  (0, 77, 79, 1),
  (0, 77, 80, 1),
  (0, 77, 81, 1),
  (0, 77, 82, 1),
  (0, 77, 83, 1),
  (0, 77, 84, 1),
  (0, 77, 85, 1),
  (0, 77, 120, 1),
  (0, 77, 121, 2),
  (0, 77, 122, 1),
  (0, 77, 123, 1),
  (0, 77, 124, 1),
  (0, 77, 125, 1),
  (0, 77, 126, 1),
  (0, 77, 127, 1),
  (0, 77, 128, 1),
  (0, 78, 9, 1),
  (0, 78, 35, 1),
  (0, 78, 52, 1),
  (0, 78, 67, 1),
  (0, 78, 73, 1),
  (0, 78, 78, 1),
  (0, 78, 85, 1),
  (0, 78, 86, 1),
  (0, 78, 87, 1),
  (0, 78, 88, 1),
  (0, 78, 89, 2),
  (0, 78, 90, 2),
  (0, 78, 91, 1),
  (0, 78, 92, 1),
  (0, 78, 93, 1),
  (0, 78, 94, 1),
  (0, 78, 95, 1),
  (0, 78, 96, 1),
  (0, 78, 97, 1),
  (0, 78, 98, 2),
  (0, 78, 99, 2),
  (0, 78, 100, 1),
  (0, 78, 101, 2),
  (0, 78, 102, 2),
  (0, 78, 103, 1),
  (0, 78, 104, 1),
  (0, 78, 105, 1),
  (0, 78, 106, 1),
  (0, 78, 107, 1),
  (0, 78, 108, 1),
  (0, 78, 109, 1),
  (0, 78, 110, 1),
  (0, 78, 111, 1),
  (0, 78, 112, 1),
  (0, 78, 113, 2),
  (0, 78, 114, 1),
  (0, 78, 115, 1),
  (0, 78, 116, 1),
  (0, 78, 117, 1),
  (0, 78, 118, 2),
  (0, 78, 119, 2),
  (0, 78, 120, 1),
  (0, 78, 122, 1),
  (0, 78, 128, 1),
  (0, 79, 9, 1),
  (0, 79, 35, 1),
  (0, 79, 51, 1),
  (0, 79, 52, 1),
  (0, 79, 67, 1),
  (0, 79, 68, 1),
  (0, 79, 69, 1),
  (0, 79, 70, 1),
  (0, 79, 71, 1),
  (0, 79, 72, 1),
  (0, 79, 73, 1),
  (0, 79, 74, 1),
  (0, 79, 75, 1),
  (0, 79, 76, 1),
  (0, 79, 77, 1),
  (0, 79, 78, 1),
  (0, 79, 86, 1),
  (0, 79, 95, 1),
  (0, 79, 100, 1),
  (0, 79, 106, 1),
  (0, 79, 115, 1),
  (0, 79, 120, 1),
  (0, 79, 122, 1),
  (0, 79, 128, 1),
  (0, 80, 9, 1),
  (0, 80, 35, 1),
  (0, 80, 50, 1),
  (0, 80, 51, 1),
  (0, 80, 67, 1),
  (0, 80, 86, 1),
  (0, 80, 95, 1),
  (0, 80, 100, 1),
  (0, 80, 106, 1),
  (0, 80, 115, 1),
  (0, 80, 120, 1),
  (0, 80, 122, 1),
  (0, 80, 128, 1),
  (0, 81, 9, 1),
  (0, 81, 10, 1),
  (0, 81, 11, 1),
  (0, 81, 12, 1),
  (0, 81, 13, 1),
  (0, 81, 14, 1),
  (0, 81, 15, 1),
  (0, 81, 16, 1),
  (0, 81, 17, 1),
  (0, 81, 18, 1),
  (0, 81, 19, 1),
  (0, 81, 20, 1),
  (0, 81, 21, 1),
  (0, 81, 22, 1),
  (0, 81, 23, 1),
  (0, 81, 24, 1),
  (0, 81, 25, 1),
  (0, 81, 26, 1),
  (0, 81, 27, 1),
  (0, 81, 28, 1),
  (0, 81, 29, 1),
  (0, 81, 30, 1),
  (0, 81, 31, 1),
  (0, 81, 32, 1),
  (0, 81, 33, 1),
  (0, 81, 34, 1),
  (0, 81, 35, 1),
  (0, 81, 36, 1),
  (0, 81, 37, 1),
  (0, 81, 38, 1),
  (0, 81, 39, 1),
  (0, 81, 40, 1),
  (0, 81, 41, 1),
  (0, 81, 42, 1),
  (0, 81, 43, 1),
  (0, 81, 44, 1),
  (0, 81, 45, 1),
  (0, 81, 46, 1),
  (0, 81, 47, 1),
  (0, 81, 48, 1),
  (0, 81, 49, 1),
  (0, 81, 50, 1),
  (0, 81, 51, 1),
  (0, 81, 66, 1),
  (0, 81, 67, 1),
  (0, 81, 86, 1),
  (0, 81, 95, 1),
  (0, 81, 100, 1),
  (0, 81, 106, 1),
  (0, 81, 115, 1),
  (0, 81, 120, 1),
  (0, 81, 122, 2),
  (0, 81, 128, 1),
  (0, 82, 51, 1),
  (0, 82, 52, 1),
  (0, 82, 53, 1),
  (0, 82, 54, 1),
  (0, 82, 55, 1),
  (0, 82, 56, 1),
  (0, 82, 57, 1),
  (0, 82, 58, 1),
  (0, 82, 59, 1),
  (0, 82, 60, 1),
  (0, 82, 61, 1),
  (0, 82, 62, 1),
  (0, 82, 63, 1),
  (0, 82, 64, 1),
  (0, 82, 65, 1),
  (0, 82, 66, 1),
  (0, 82, 86, 1),
  (0, 82, 95, 1),
  (0, 82, 100, 1),
  (0, 82, 106, 1),
  (0, 82, 115, 1),
  (0, 82, 120, 1),
  (0, 82, 122, 1),
  (0, 82, 123, 1),
  (0, 82, 124, 1),
  (0, 82, 125, 1),
  (0, 82, 126, 1),
  (0, 82, 127, 1),
  (0, 82, 128, 1),
  (0, 83, 86, 1),
  (0, 83, 87, 1),
  (0, 83, 88, 1),
  (0, 83, 89, 1),
  (0, 83, 90, 1),
  (0, 83, 91, 1),
  (0, 83, 92, 1),
  (0, 83, 93, 1),
  (0, 83, 94, 1),
  (0, 83, 95, 1),
  (0, 83, 96, 1),
  (0, 83, 97, 1),
  (0, 83, 98, 1),
  (0, 83, 99, 1),
  (0, 83, 100, 1),
  (0, 83, 101, 1),
  (0, 83, 102, 1),
  (0, 83, 103, 1),
  (0, 83, 104, 1),
  (0, 83, 105, 1),
  (0, 83, 106, 1),
  (0, 83, 107, 1),
  (0, 83, 108, 1),
  (0, 83, 109, 1),
  (0, 83, 110, 1),
  (0, 83, 111, 1),
  (0, 83, 112, 1),
  (0, 83, 113, 1),
  (0, 83, 114, 1),
  (0, 83, 115, 1),
  (0, 83, 116, 1),
  (0, 83, 117, 1),
  (0, 83, 118, 1),
  (0, 83, 119, 1),
  (0, 83, 120, 1),
  (0, 83, 121, 1),
  (0, 83, 122, 1),
  (0, 83, 123, 1),
  (0, 83, 124, 1),
  (0, 83, 125, 1),
  (0, 83, 126, 1),
  (0, 83, 127, 1),
  (0, 83, 128, 1),
  (0, 34, 59, 1),
  (0, 34, 64, 1),
  (0, 34, 73, 1),
  (0, 35, 59, 1),
  (0, 35, 64, 1),
  (0, 35, 73, 1),
  (0, 36, 59, 1),
  (0, 36, 64, 1),
  (0, 36, 73, 1),
  (0, 37, 59, 1),
  (0, 37, 64, 1),
  (0, 37, 73, 1);